version https://git-lfs.github.com/spec/v1
oid sha256:427ec66ddf47a69a4d7605271ef03be8a65ad8b4b5474b6faeffb5d5906acce2
size 46769755
